ADC,Temperature (C)
5360526,-0.2948286567995382
5355286,-0.19323183802577404
5350046,-0.09244552592610944
5344806,0.007544418671969311
5339566,0.10675196676781695
5334326,0.20519092251502258
5329086,0.3028749245424862
5323846,0.3998174472691076
5318606,0.49603180221227916
5313366,0.5915311392900051
5308126,0.6863284481169742
5302886,0.7804365592940954
5297646,0.8738681456920858
5292406,0.9666357237287215
5287166,1.0587516546398135
5281926,1.1502281457441939
5276686,1.2410772517023645
5271446,1.3313108757690841
5266206,1.4209407710397315
5260966,1.5099785416906641
5255726,1.5984356442133318
5250486,1.686323388642343
5245246,1.773652939777513
5240006,1.8604353183997233
5234766,1.9466814024807917
5229526,2.0324019283872943
5224286,2.1176074920783208
5219046,2.2023085502973103
5213806,2.286515421757713
5208566,2.370238288322831
5203326,2.4534871961796725
5198086,2.5362720570066486
5192846,2.6186026491356102
5187606,2.7004886187077304
5182366,2.7819394808236027
5177126,2.862964620687336
5171886,2.9435732947448443
5166646,3.0237746318161953
5161406,3.1035776342221553
5156166,3.182991178904821
5150926,3.262024018542448
5145686,3.3406847826585206
5140446,3.4189819787248794
5135206,3.4969239932591805
5129966,3.5745190929165105
5124726,3.6517754255752592
5119486,3.728701021417251
5114246,3.8053037940020786
5109006,3.881591541335851
5103766,3.9575719469340456
5098526,4.03325258087883
5093286,4.108640900870611
5088046,4.18374425327395
5082806,4.2585698741578
5077566,4.3331248903301685
5072326,4.407416320367062
5067086,4.481451075635881
5061846,4.555235961313215
5056606,4.628777677397039
5051366,4.702082819713354
5046126,4.775157880917213
5040886,4.848009251488371
5035646,4.920643220721139
5030406,4.993065977709037
5025166,5.065283612323661
5019926,5.137302116188298
5014686,5.2091273836458925
5009446,5.280765212721672
5004206,5.352221306080274
4998966,5.423501271977454
4993726,5.494610625206384
4988486,5.565554788038554
4983246,5.636339091159279
4978006,5.706968774597819
4972766,5.77744898865215
4967526,5.847784794808444
4962286,5.917981166655103
4957046,5.988042990791559
4951806,6.057975067731757
4946566,6.127782112802375
4941326,6.197468757035658
4936086,6.267039548057131
4930846,6.336498950967986
4925606,6.405851349222235
4920366,6.475101045498683
4915126,6.544252262567628
4909886,6.613309144152488
4904646,6.682275755786094
4899406,6.7511560856619255
4894166,6.819954045480213
4888926,6.888673471288808
4883686,6.957318124318988
4878446,7.0258916918161844
4873206,7.094397787865564
4867966,7.1628399542125365
4862726,7.231221661078216
4857486,7.299546307969845
4852246,7.367817224486128
4847006,7.43603767111756
4841766,7.504210840041814
4836526,7.572339855914002
4831286,7.6404277766520785
4826046,7.708477594217197
4820806,7.776492235389139
4815566,7.8444745625368135
4810326,7.912427374383807
4805086,7.980353406769037
4799846,8.04825533340249
4794606,8.116135766616122
4789366,8.183997258109788
4784126,8.251842299692466
4778886,8.319673324018488
4773646,8.387492705319012
4768406,8.45530276012872
4763166,8.523105748007627
4757926,8.59090387225815
4752686,8.65869928063741
4747446,8.726494066064785
4742206,8.79429026732467
4736966,8.862089869764517
4731726,8.929894805988251
4726486,8.997706956544828
4721246,9.065528150612224
4716006,9.133360166676688
4710766,9.201204733207412
4705526,9.269063529326406
4700286,9.336938185473898
4695046,9.404830284069053
4689806,9.472741360166019
4684566,9.540672902105495
4679326,9.608626352161682
4674086,9.676603107184636
4668846,9.74460451923807
4663606,9.812631896232702
4658366,9.880686502555005
4653126,9.948769559691456
4647886,10.016882246848304
4642646,10.085025701566913
4637406,10.15320102033452
4632166,10.221409259190647
4626926,10.28965143432903
4621686,10.35792852269514
4616446,10.426241462579277
4611206,10.494591154205267
4605966,10.562978460314827
4600726,10.63140420674749
4595486,10.699869183016204
4590246,10.768374142878631
4585006,10.836919804904074
4579766,10.90550685303608
4574526,10.974135937150798
4569286,11.04280767361103
4564046,11.111522645815977
4558806,11.180281404746786
4553566,11.2490844695078
4548326,11.31793232786368
4543086,11.386825436772124
4537846,11.455764222912599
4532606,11.524749083210782
4527366,11.593780385358773
4522126,11.662858468331297
4516886,11.731983642897607
4511646,11.801156192129408
4506406,11.870376371904506
4501166,11.939644411406476
4495926,12.008960513620224
4490686,12.078324855823404
4485446,12.147737590073834
4480206,12.217198843692877
4474966,12.286708719744759
4469726,12.356267297511845
4464486,12.425874632965982
4459246,12.495530759235795
4454006,12.565235687070015
4448766,12.634989405296846
4443526,12.70479188127943
4438286,12.774643061367275
4433046,12.844542871343883
4427806,12.914491216870356
4422566,12.98448798392523
4417326,13.054533039240297
4412086,13.124626230732673
4406846,13.194767387932984
4401606,13.264956322409645
4396366,13.335192828189442
4391126,13.40547668217419
4385886,13.475807644553687
4380646,13.546185459214794
4375406,13.61660985414683
4370166,13.687080541843201
4364926,13.757597219699214
4359686,13.828159570406271
4354446,13.898767262342272
4349206,13.969419949958397
4343966,14.040117274162107
4338726,14.110858862696553
4333486,14.181644330516328
4328246,14.252473280159503
4323006,14.323345302116142
4317766,14.394259975193101
4312526,14.46521686687533
4307286,14.536215533683492
4302046,14.607255521528057
4296806,14.678336366059867
4291566,14.749457593017098
4286326,14.82061871856872
4281086,14.891819249654478
4275846,14.963058684321286
4270606,15.034336512056196
4265366,15.105652214115914
4260126,15.177005263852791
4254886,15.248395127037394
4249646,15.319821262177673
4244406,15.391283120834686
4239166,15.462780147934886
4233926,15.534311782079108
4228686,15.605877455848084
4223446,15.677476596104675
4218206,15.749108624292667
4212966,15.82077295673233
4207726,15.892469004912616
4202486,15.964196175779989
4197246,16.03595387202408
4192006,16.107741492359967
4186766,16.179558431807262
4181526,16.25140408196588
4176286,16.3232778312886
4171046,16.39517906535046
4165806,16.467107167114847
4160566,16.539061517196444
4155326,16.611041494120997
4150086,16.68304647458193
4144846,16.755075833693738
4139606,16.827128945242343
4134366,16.899205181932246
4129126,16.97130391563059
4123886,17.043424517608152
4118646,17.11556635877721
4113406,17.187728809926405
4108166,17.25991124195244
4102926,17.332113026088862
4097686,17.40433353413176
4092446,17.4765721386624
4087206,17.54882821326696
4081966,17.62110113275324
4076726,17.69339027336434
4071486,17.765695012989482
4066246,17.838014731371814
4061006,17.91034881031335
4055766,17.982696633876916
4050526,18.05505758858524
4045286,18.127431063617205
4040046,18.1998164510011
4034806,18.272213145805146
4029566,18.344620546325082
4024326,18.417038054268986
4019086,18.489465074939226
4013846,18.561901017411635
4008606,18.634345294711917
4003366,18.70679732398921
3998126,18.779256526686968
3992886,18.851722328711038
3987646,18.924194160595047
3982406,18.996671457663012
3977166,19.069153660189308
3971926,19.141640213555924
3966686,19.21413056840699
3961446,19.28662418080072
3956206,19.35912051235866
3950966,19.431619030412335
3945726,19.504119208147184
3940486,19.576620524744005
3935246,19.64912246551777
3930006,19.721624522053776
3924766,19.794126192341363
3919526,19.866626980904975
3914286,19.939126398932757
3909046,20.011623964402567
3903806,20.084119202205503
3898566,20.156611644266974
3893326,20.229100829665217
3888086,20.301586304747378
3882846,20.374067623243185
3877606,20.446544346376083
3872366,20.51901604297204
3867126,20.591482289565864
3861886,20.6639426705052
3856646,20.736396778052054
3851406,20.808844212482015
3846166,20.881284582181117
3840926,20.95371750374029
3835686,21.026142602047578
3830446,21.09855951037797
3825206,21.17096787048098
3819966,21.243367332665898
3814726,21.315757555884787
3809486,21.388138207813256
3804246,21.460508964928923
3799006,21.532869512587684
3793766,21.60521954509776
3788526,21.67755876579159
3783286,21.749886887095414
3778046,21.82220363059679
3772806,21.894508727109958
3767566,21.966801916738937
3762326,22.03908294893862
3757086,22.111351582573672
3751846,22.183607585975402
3746606,22.255850736996408
3741366,22.32808082306328
3736126,22.400297641227212
3730886,22.472500998212475
3725646,22.54469071046297
3720406,22.61686660418669
3715166,22.689028515398228
3709926,22.761176289959216
3704686,22.833309783616848
3699446,22.905428862040456
3694206,22.977533400856025
3688966,23.049623285678894
3683726,23.121698412144497
3678486,23.193758685937137
3673246,23.265804022816923
3668006,23.337834348644837
3662766,23.409849599405888
3657526,23.481849721230425
3652286,23.55383467041363
3647046,23.625804413433194
3641806,23.697758926965125
3636566,23.76969819789781
3631326,23.841622223344274
3626086,23.91353101065271
3620846,23.985424577415166
3615606,24.05730295147456
3610366,24.12916617092997
3605126,24.20101428414017
3599886,24.272847349725474
3594646,24.344665436567922
3589406,24.416468623809813
3584166,24.488257000850467
3578926,24.560030667341476
3573686,24.631789733180277
3568446,24.703534318502065
3563206,24.77526455367017
3557966,24.846980579264798
3552726,24.91868254607025
3547486,24.990370615060513
3542246,25.06204495738335
3537006,25.13370575434288
3531766,25.205353197380557
3526526,25.276987488054715
3521286,25.348608838018652
3516046,25.42021746899711
3510806,25.491813612761426
3505566,25.563397511103148
3500326,25.634969415806303
3495086,25.706529588618135
3489846,25.7780783012185
3484606,25.84961583518791
3479366,25.921142481974098
3474126,25.992658542857285
3468886,26.06416432891408
3463646,26.135660160980088
3458406,26.207146369611074
3453166,26.278623295042955
3447926,26.350091287150445
3442686,26.42155070540437
3437446,26.49300191882779
3432206,26.564445305950827
3426966,26.6358812547643
3421726,26.707310162672037
3416486,26.778732436442084
3411246,26.85014849215669
3406006,26.921558755161044
3400766,26.992963660010915
3395526,27.064363650419114
3390286,27.135759179200832
3385046,27.207150708217803
3379806,27.278538708321378
3374566,27.349923659294554
3369326,27.421306049792832
3364086,27.492686377284045
3358846,27.564065147987122
3353606,27.635442876809854
3348366,27.70682008728552
3343126,27.778197311508634
3337886,27.849575090069578
3332646,27.92095397198831
3327406,27.992334514647087
3322166,28.06371728372222
3316926,28.135102853114873
3311686,28.206491804880965
3306446,28.277884729160117
3301206,28.349282224103742
3295966,28.42068489580217
3290726,28.492093358210973
3285486,28.56350823307642
3280246,28.63493014985999
3275006,28.70635974566222
3269766,28.777797665145542
3264526,28.849244560456505
3259286,28.920701091147023
3254046,28.992167924094982
3248806,29.06364573342404
3243566,29.135135200422628
3238326,29.206637013462295
3233086,29.278151867915266
3227846,29.349680466071366
3222606,29.42122351705414
3217366,29.492781736736397
3212126,29.564355847655055
3206886,29.635946578925285
3201646,29.7075546661541
3196406,29.77918085135325
3191166,29.850825882851563
3185926,29.92249051520663
3180686,29.994175509115944
3175446,30.06588163132751
3170206,30.137609654549795
3164966,30.209360357361227
3159726,30.281134524119143
3154486,30.352932944868233
3149246,30.42475641524844
3144006,30.49660573640242
3138766,30.568481714882566
3133526,30.64038516255746
3128286,30.712316896517994
3123046,30.784277738983022
3117806,30.856268517204583
3112566,30.928290063372735
3107326,31.00034321452001
3102086,31.072428812425517
3096846,31.144547703518604
3091606,31.216700738782258
3086366,31.288888773656186
3081126,31.36111266793947
3075886,31.433373285693026
3070646,31.505671495141733
3065406,31.57800816857632
3060166,31.6503841822549
3054926,31.72280041630436
3049686,31.795257754621502
3044446,31.867757084773878
3039206,31.940299297900534
3033966,32.01288528861248
3028726,32.08551595489307
3023486,32.15819219799806
3018246,32.23091492235574
3013006,32.30368503546672
3007766,32.37650344780373
3002526,32.44937107271126
2997286,32.522288826305086
2992046,32.595257627371815
2986806,32.66827839726822
2981566,32.74135205982062
2976326,32.81447954122426
2971086,32.88766176994249
2965846,32.96089967660617
2960606,33.03419419391288
2955366,33.107546256526305
2950126,33.1809568009755
2944886,33.254426765554314
2939646,33.32795709022086
2934406,33.401548716497025
2929166,33.47520258736804
2923926,33.54891964718227
2918686,33.62270084155097
2913446,33.6965471172483
2908206,33.7704594221114
2902966,33.84443870494067
2897726,33.91848591540018
2892486,33.99260200391832
2887246,34.06678792158859
2882006,34.14104462007067
2876766,34.21537305149164
2871526,34.289774168347506
2866286,34.36424892340499
2861046,34.4387982696035
2855806,34.51342315995747
2850566,34.58812454745899
2845326,34.6629033849807
2840086,34.737760625179064
2834846,34.81269722039792
2829606,34.887714122572476
2824366,34.96281228313356
2819126,35.03799265291235
2813886,35.11325618204547
2808646,35.188603819880434
2803406,35.26403651488161
2798166,35.33955521453657
2792926,35.415160865262884
2787686,35.49085441231539
2782446,35.56663679969398
2777206,35.64250897005181
2771966,35.718471864604055
2766726,35.79452642303722
2761486,35.870673583418885
2756246,35.946914282108146
2751006,36.023249453666466
2745766,36.0996800307692
2740526,36.1762069441177
2735286,36.252831122351985
2730046,36.32955349196407
2724806,36.406374977211904
2719566,36.48329650003398
2714326,36.56031897996456
2709086,36.63744333404963
2703846,36.71467047676352
2698606,36.79200131992621
2693366,36.869436772621356
2688126,36.94697774111513
2682886,37.02462512877561
2677646,37.102379835993176
2672406,37.18024276010148
2667166,37.258214795299295
2661926,37.33629683257317
2656686,37.41448975962084
2651446,37.49279446077553
2646206,37.57121181693105
2640966,37.64974270546778
2635726,37.728388000179535
2630486,37.807148571201246
2625246,37.88602528493763
2620006,37.96501900399272
2614766,38.044130587100305
2609526,38.12336088905538
2604286,38.20271076064645
2599046,38.28218104858892
2593806,38.36177259545937
2588566,38.44148623963087
2583326,38.52132281520928
2578086,38.60128315197062
2572846,38.68136807529944
2567606,38.76157840612823
2562366,38.841914960877936
2557126,38.92237855139956
2551886,39.00296998491677
2546646,39.08369006396974
2541406,39.16453958636
2536166,39.24551934509653
2530926,39.326630128342885
2525686,39.40787271936559
2520446,39.48924789648365
2515206,39.57075643301924
2509966,39.65239909724973
2504726,39.73417665236068
2499486,39.81608985640035
2494246,39.89813946223527
2489006,39.98032621750711
2483766,40.06265086459089
2478526,40.14511414055439
2473286,40.227716777118935
2468046,40.31045950062144
2462806,40.39334303197786
2457566,40.47636808664788
2452326,40.55953537460107
2447086,40.64284560028436
2441846,40.726299462590895
2436606,40.80989765483031
2431366,40.89364086470042
2426126,40.977529774260354
2420886,41.06156505990507
2415646,41.14574739234141
2410406,41.23007743656558
2405166,41.31455585184209
2399926,41.39918329168426
2394686,41.48396040383621
2389446,41.56888783025632
2384206,41.65396620710234
2378966,41.73919616471797
2373726,41.82457832762102
2368486,41.91011331449319
2363246,41.995801738171416
2358006,42.081644205640856
2352766,42.167641318029446
2347526,42.253793670604146
2342286,42.34010185276882
2337046,42.426566448063795
2331806,42.513188034167065
2326566,42.59996718289724
2321326,42.68690446021817
2316086,42.77400042624528
2310846,42.86125563525369
2305606,42.94867063568803
2300366,43.036245970174086
2295126,43.12398217553213
2289886,43.21187978279211
2284646,43.2999393172107
2279406,43.388161298289994
2274166,43.47654623979822
2268926,43.565094649792194
2263686,43.65380703064168
2258446,43.742683879055626
2253206,43.83172568611023
2247966,43.92093293727901
2242726,44.010306112464704
2237486,44.09984568603317
2232246,44.189552126849165
2227006,44.279425898314145
2221766,44.369467458406014
2216526,44.45967725972081
2211286,44.55005574951653
2206046,44.6406033697588
2200806,44.73132055716871
2195566,44.82220774327262
2190326,44.91326535445403
2185086,45.004493812007595
2179846,45.095893532195085
2174606,45.187464926303576
2169366,45.27920840070571
2164126,45.37112435692206
2158886,45.46321319168565
2153646,45.55547529700864
2148406,45.64791106025119
2143166,45.740520864192476
2137926,45.83330508710392
2132686,45.926264102824646
2127446,46.01939828083912
2122206,46.11270798635708
2116966,46.2061935803957
2111726,46.29985541986399
2106486,46.3936938576495
2101246,46.48770924270739
2096006,46.58190192015165
2090766,46.676272231348804
2085526,46.770820514013835
2080286,46.86554710230855
2075046,46.96045232694223
2069806,47.05553651527473
2064566,47.15079999142192
2059326,47.246243076363555
2054086,47.341866088053564
2048846,47.437669341532796
2043606,47.533653149044135
2038366,47.62981782015019
2033126,47.7261636618534
2027886,47.82269097871858
2022646,47.91940007299814
2017406,48.01629124475956
2012166,48.113364792015695
2006926,48.21062101085738
2001686,48.30806019558874
1996446,48.405682638865024
1991206,48.503488631833015
1985966,48.60147846427411
1980726,48.69965242474988
1975486,48.79801080075045
1970246,48.89655387884534
1965006,48.995281944837096
1959766,49.09419528391753
1954526,49.19329418082662
1949286,49.29257892001422
1944046,49.39204978580437
1938806,49.49170706256237
1933566,49.59155103486463
1928326,49.691581987671235
1923086,49.791800206501314
1917846,49.89220597761114
1912606,49.99279958817511
1907366,50.093581326469426
1902126,50.194551482058735
1896886,50.2957103459855
1891646,50.39705821096224
1886406,50.49859537156674
1881166,50.60032212443999
1875926,50.702238768487135
1870686,50.80434560508127
1865446,50.906642938270195
1860206,51.00913107498613
1854966,51.111810325258276
1849726,51.21468100242846
1844486,51.317743423369734
1839246,51.42099790870789
1834006,51.524444783046086
1828766,51.6280843751924
1823526,51.73191701839054
1818286,51.835943050553446
1813046,51.9401628145001
1807806,52.044576658195325
1802566,52.149184934992704
1797326,52.25398800388062
1792086,52.358986229731386
1786846,52.464179983553514
1781606,52.56956964274715
1776366,52.67515559136265
1771126,52.780938220362366
1765886,52.88691792788555
1760646,52.99309511951654
1755406,53.09947020855611
1750166,53.2060436162961
1744926,53.31281577229722
1739686,53.41978711467018
1734446,53.526958090360054
1729206,53.634329155433974
1723966,53.741900775372045
1718726,53.84967342536166
1713486,53.9576475905951
1708246,54.0658237665705
1703006,54.17420245939614
1697766,54.2827841860981
1692526,54.39156947493137
1687286,54.500558865694316
1682046,54.60975291004647
1676806,54.71915217182996
1671566,54.82875722739415
1666326,54.93856866592387
1661086,55.04858708977111
1655846,55.15881311479011
1650606,55.269247370676055
1645366,55.3798905013072
1640126,55.490743165090564
1634886,55.60180603531114
1629646,55.71307980048468
1624406,55.824565164714
1619166,55.936262848048905
1613926,56.04817358684975
1608686,56.16029813415447
1603446,56.27263726004941
1598206,56.385191752043625
1592966,56.49796241544695
1587726,56.610950073751724
1582486,56.724155569018045
1577246,56.837579762262976
1572006,56.95122353385319
1566766,57.06508778390154
1561526,57.17917343266724
1556286,57.29348142095982
1551046,57.40801271054692
1545806,57.522768284565714
1540566,57.63774914793829
1535326,57.75295632779067
1530086,57.86839087387578
1524846,57.984053859000205
1519606,58.09994637945472
1514366,58.216069555448854
1509126,58.33242453154908
1503886,58.44901247712116
1498646,58.5658345867762
1493406,58.68289208082066
1488166,58.80018620571039
1482926,58.917718234508456
1477686,59.03548946734708
1472446,59.15350123189339
1467206,59.27175488381931
1461966,59.39025180727537
1456726,59.508993415368494
1451486,59.62798115064392
1446246,59.747216485571045
1441006,59.866700923033406
1435766,59.98643599682274
1430526,60.10642327213702
1425286,60.22666434608274
1420046,60.34716084818115
1414806,60.467914440878765
1409566,60.58892682006192
1404326,60.7101997155755
1399086,60.83173489174585
1393846,60.95353414790783
1388606,61.075599318936156
1383366,61.1979322757808
1378126,61.32053492600676
1372886,61.443409214338
1367646,61.566557123205584
1362406,61.68998067330025
1357166,61.813681924129014
1351926,61.937662974576334
1346686,62.061925963469335
1341446,62.18647307014753
1336206,62.31130651503683
1330966,62.43642856022782
1325726,62.561841510058514
1320486,62.68754771170142
1315246,62.81354955575502
1310006,62.93984947683964
1304766,63.06644995419772
1299526,63.1933535122986
1294286,63.32056272144762
1289046,63.44808019839982
1283806,63.57590860697799
1278566,63.70405065869531
1273326,63.83250911338242
1268086,63.96128677981905
1262846,64.09038651637015
1257606,64.21981123162658
1252366,64.34956388505037
1247126,64.47964748762453
1241886,64.61006510250743
1236646,64.74081984569187
1231406,64.87191488666862
1226166,65.00335344909467
1220926,65.13513881146625
1215686,65.26727430779614
1210446,65.3997633282961
1205206,65.53260932006367
1199966,65.66581578777374
1194726,65.79938629437493
1189486,65.93332446179053
1184246,66.06763397162442
1179006,66.2023185658714
1173766,66.3373820476326
1168526,66.4728282818356
1163286,66.60866119595917
1158046,66.74488478076306
1152806,66.88150309102241
1147566,67.0185202462672
1142326,67.15594043152633
1137086,67.29376789807675
1131846,67.43200696419734
1126606,67.57066201592785
1121366,67.70973750783246
1116126,67.8492379637686
1110886,67.98916797766047
1105646,68.12953221427759
1100406,68.27033541001829
1095166,68.41158237369822
1089926,68.55327798734385
1084686,68.69542720699083
1079446,68.83803506348764
1074206,68.98110666330405
1068966,69.12464718934464
1063726,69.26866190176753
1058486,69.41315613880809
1053246,69.55813531760766
1048006,69.70360493504752
1042766,69.8495705685879
1037526,69.99603787711214
1032286,70.14301260177598
1027046,70.29050056686194
1021806,70.43850768063915
1016566,70.58703993622794
1011326,70.73610341246993
1006086,70.8857042748034
1000846,71.03584877614351
995606,71.18654325776816
990366,71.33779415020896
985126,71.48960797414733
979886,71.64199134131611
974646,71.79495095540636
969406,71.94849361297949
964166,72.10262620438468
958926,72.25735571468164
953686,72.41268922456885
948446,72.568633911317
943206,72.72519704970787
937966,72.88238601297871
932726,73.04020827377185
927486,73.19867140508984
922246,73.35778308125607
917006,73.5175510788807
911766,73.67798327783224
906526,73.83908766221438
901286,74.0008723213486
896046,74.16334545076197
890806,74.32651535318081
885566,74.49039043952953
880326,74.65497922993532
875086,74.82029035473829
869846,74.98633255550706
864606,75.15311468606019
859366,75.32064571349306
854126,75.48893471921036
848886,75.65799089996423
843646,75.82782356889818
838406,75.99844215659648
833166,76.16985621213928
827926,76.3420754041635
822686,76.51510952192939
817446,76.68896847639272
812206,76.86366230128277
806966,77.03920115418617
801726,77.21559531763626
796486,77.39285520020842
791246,77.57099133762111
786006,77.75001439384275
780766,77.92993516220434
775526,78.11076456651804
770286,78.2925136622014
765046,78.47519363740766
759806,78.65881581416174
754566,78.84339164950228
749326,79.02893273662944
744086,79.21545080605867
738846,79.40295772678036
733606,79.59146550742558
728366,79.78098629743765
723126,79.97153238824957
717886,80.16311621446772
712646,80.35575035506133
707406,80.549447534558
702166,80.74422062424534
696926,80.94008264337852
691686,81.13704676039397
686446,81.33512629412913
681206,81.5343347150482
675966,81.73468564647413
670726,81.93619286582654
665486,82.13887030586594
660246,82.34273205594394
655006,82.54779236325975
649766,82.75406563412268
644526,82.96156643522099
639286,83.1703094948968
634046,83.38030970442725
628806,83.59158211931192
623566,83.80414196056644
618326,84.01800461602235
613086,84.23318564163323
607846,84.44970076278709
602606,84.66756587562516
597366,84.88679704836673
592126,85.1074105226406
586886,85.32942271482273
581646,85.55285021738015
576406,85.77770980022134
571166,86.00401841205306
565926,86.23179318174334
560686,86.46105141969105
555446,86.6918106192019
550206,86.92408845787072
544966,87.15790279897028
539726,87.39327169284657
534486,87.63021337832058
529246,87.8687462840965
524006,88.10888903017639
518766,88.35066042928149
513526,88.59407948828
508286,88.83916540962127
503046,89.08593759277682
497806,89.33441563568763
492566,89.58461933621828
487326,89.83656869361744
482086,90.09028390998523
476846,90.34578539174697
471606,90.60309375113366
466366,90.86222980766922
461126,91.1232145896642
455886,91.38606933571634
450646,91.65081549621772
445406,91.91747473486865
440166,92.18606893019833
434926,92.45662017709219
429686,92.72915078832591
424446,93.00368329610646
419206,93.28024045361963
413966,93.55884523658443
408726,93.83952084481454
403486,94.12229070378618
398246,94.40717846621305
393006,94.69420801362826
387766,94.98340345797268
382526,95.27478914319065
377286,95.5683896468322
372046,95.86422978166256
366806,96.16233459727813
361566,96.46272938172976
356326,96.76543966315278
351086,97.07049121140413
345846,97.37791003970631
340606,97.6877224062983
335366,97.99995481609386
330126,98.3146340223463
324886,98.63178702832057
319646,98.95144108897252
314406,99.27362371263493
309166,99.59836266271074
303926,99.92568595937348
298686,100.25562188127458
293446,100.588198967258
288206,100.92344601808179
282966,101.261392098147
277726,101.60206653723361
272486,101.94549893224361
267246,102.29171914895144
262006,102.64075732376132
256766,102.9926438654722
251526,103.34740945704951
246286,103.70508505740452
241046,104.06570190318064
235806,104.42929151054726
230566,104.7958856770007
225326,105.16551648317242
220086,105.53821629464485
214846,105.91401776377401
209606,106.29295383152001
204366,106.67505772928465
199126,107.0603629807562
193886,107.44890340376202
188646,107.84071311212814
183406,108.2358265175465
178166,108.63427833144955
172926,109.03610356689217
167686,109.44133754044122
162446,109.85001587407251
157206,110.26217449707511
151966,110.67784964796333
146726,111.09707787639601
141486,111.51989604510368
136246,111.94634133182272
131006,112.37645123123767
125766,112.8102635569305
120526,113.24781644333792
115286,113.68914834771626
110046,114.13429805211341
104806,114.58330466534912
99566,115.03620762500245
94326,115.49304669940702
89086,115.95386198965384
83846,116.41869393160196
78606,116.88758329789668
73366,117.36057119999546
68126,117.83769909020168
62886,118.31900876370585
57646,118.80454236063504
52406,119.2943423681094
47166,119.78845162230716
41926,120.28691331053695
36686,120.78977097331786
31446,121.2970685064679
26206,121.80885016319942
20966,122.32516055622325
15726,122.84604465986008
10486,123.3715478121598
5246,123.90171571702915
6,124.43659444636654
